--------------------
BDMEP - INMET
--------------------
Estação           : BARREIRAS - BA (OMM: 83236)
Latitude  (graus) : -12.15
Longitude (graus) : -45
Altitude  (metros): 439.29
Estação Operante
Inicio de operação: 01/01/1924
Periodo solicitado dos dados: 01/01/1960 a 31/12/2017
Os dados listados abaixo são os que encontram-se digitados no BDMEP
Hora em UTC
--------------------
Obs.: Os dados aparecem separados por ; (ponto e vírgula) no formato txt.
      Para o formato planilha XLS, siga as instruções
--------------------
Estacao;Data;Hora;DirecaoVento;VelocidadeVentoMedia;
83236;31/01/1961;0000;5;2.26087;
83236;28/02/1961;0000;5;1.702381;
83236;31/03/1961;0000;5;1.602151;
83236;30/04/1961;0000;5;1.622222;
83236;31/05/1961;0000;14;1.666667;
83236;30/06/1961;0000;14;2.566667;
83236;31/07/1961;0000;14;2.268817;
83236;31/08/1961;0000;5;2.182796;
83236;30/09/1961;0000;5;1.788889;
83236;31/10/1961;0000;5;2.569892;
83236;30/11/1961;0000;5;2.288889;
83236;31/12/1961;0000;5;1.666667;
83236;31/01/1962;0000;5;1.580645;
83236;28/02/1962;0000;5;1.952381;
83236;31/03/1962;0000;5;1.344086;
83236;30/04/1962;0000;5;1.4;
83236;31/05/1962;0000;14;1.591398;
83236;30/06/1962;0000;14;1.888889;
83236;31/07/1962;0000;14;1.44086;
83236;31/08/1962;0000;14;1.494624;
83236;30/09/1962;0000;5;2.188889;
83236;31/10/1962;0000;5;1.924731;
83236;30/11/1962;0000;5;1.477778;
83236;31/12/1962;0000;5;1.366667;
83236;31/01/1963;0000;0;1.032258;
83236;28/02/1963;0000;5;1.845238;
83236;31/03/1963;0000;5;1.731183;
83236;30/04/1963;0000;9;1.1;
83236;31/05/1963;0000;14;1.344086;
83236;30/06/1963;0000;14;1.455556;
83236;31/07/1963;0000;14;1.784946;
83236;31/08/1963;0000;14;1.387097;
83236;30/09/1963;0000;5;1.8;
83236;31/10/1963;0000;5;1.860215;
83236;30/11/1963;0000;5;1.233333;
83236;31/01/1964;0000;5;1.391304;
83236;29/02/1964;0000;5;1.45977;
83236;31/03/1964;0000;5;1.634409;
83236;30/04/1964;0000;5;1.511111;
83236;31/05/1964;0000;14;1.516129;
83236;30/06/1964;0000;14;1.666667;
83236;31/07/1964;0000;14;1.602151;
83236;31/08/1964;0000;14;1.946237;
83236;30/09/1964;0000;5;1.888889;
83236;31/10/1964;0000;5;1.870968;
83236;30/11/1964;0000;5;1.733333;
83236;31/12/1964;0000;5;1.494624;
83236;31/01/1965;0000;5;1.741935;
83236;28/02/1965;0000;5;1.595238;
83236;31/03/1965;0000;9;1.473118;
83236;30/04/1965;0000;0;1.211111;
83236;31/05/1965;0000;9;1.505376;
83236;30/06/1965;0000;14;1.633333;
83236;31/07/1965;0000;14;1.806452;
83236;31/08/1965;0000;9;1.967742;
83236;30/09/1965;0000;9;2;
83236;31/10/1965;0000;5;2.032258;
83236;30/11/1965;0000;5;1.733333;
83236;31/12/1965;0000;9;1.580645;
83236;31/01/1966;0000;9;1.709677;
83236;28/02/1966;0000;9;1.761905;
83236;31/03/1966;0000;9;1.365591;
83236;30/04/1966;0000;9;1.444444;
83236;31/05/1966;0000;14;1.473118;
83236;30/06/1966;0000;9;1.522222;
83236;31/07/1966;0000;14;2.086022;
83236;31/08/1966;0000;14;1.634409;
83236;30/09/1966;0000;5;1.677778;
83236;31/10/1966;0000;5;1.666667;
83236;30/11/1966;0000;5;1.877778;
83236;31/12/1966;0000;5;1.451613;
83236;31/01/1967;0000;5;1.44086;
83236;28/02/1967;0000;9;1.428571;
83236;31/03/1967;0000;9;1.870968;
83236;30/04/1967;0000;5;1.488889;
83236;31/05/1967;0000;9;1.387097;
83236;30/06/1967;0000;14;1.911111;
83236;31/07/1967;0000;14;1.580645;
83236;31/08/1967;0000;9;1.806452;
83236;30/09/1967;0000;9;1.622222;
83236;31/10/1967;0000;9;1.752688;
83236;30/11/1967;0000;9;1.577778;
83236;31/12/1967;0000;9;1.688172;
83236;31/01/1968;0000;9;1.537634;
83236;29/02/1968;0000;5;1.563218;
83236;31/03/1968;0000;9;1.603226;
83236;30/04/1968;0000;9;1.688889;
83236;31/05/1968;0000;14;1.647312;
83236;30/06/1968;0000;14;2.155556;
83236;31/07/1968;0000;14;2.021505;
83236;31/08/1968;0000;9;1.870968;
83236;30/09/1968;0000;9;2.077778;
83236;31/10/1968;0000;9;1.645161;
83236;30/11/1968;0000;9;1.533333;
83236;31/12/1968;0000;9;1.548387;
83236;31/01/1969;0000;9;1.655914;
83236;28/02/1969;0000;9;1.321429;
83236;31/03/1969;0000;9;1.172043;
83236;30/04/1969;0000;9;1.3;
83236;31/05/1969;0000;14;1.655914;
83236;30/06/1969;0000;14;2.011111;
83236;31/07/1969;0000;9;1.645161;
83236;31/08/1969;0000;14;1.935484;
83236;30/09/1969;0000;9;2.077778;
83236;31/10/1969;0000;9;2.150538;
83236;30/11/1969;0000;9;2.067416;
83236;31/12/1969;0000;9;1.88172;
83236;31/01/1970;0000;9;2.021505;
83236;28/02/1970;0000;9;1.904762;
83236;31/03/1970;0000;14;2.032258;
83236;30/04/1970;0000;14;2.244444;
83236;31/05/1970;0000;14;2.247312;
83236;30/06/1970;0000;14;2.133333;
83236;31/07/1970;0000;14;2.677419;
83236;31/08/1970;0000;14;2.451613;
83236;30/09/1970;0000;9;1.988889;
83236;31/10/1970;0000;5;1.569892;
83236;30/11/1970;0000;5;1.6;
83236;31/12/1970;0000;9;1.408602;
83236;31/01/1973;0000;5;2.184783;
83236;28/02/1973;0000;32;1.797619;
83236;31/03/1973;0000;5;1.666667;
83236;30/04/1973;0000;32;1.6;
83236;31/05/1973;0000;32;1.602151;
83236;30/06/1973;0000;32;1.466667;
83236;31/07/1973;0000;32;2.16129;
83236;31/08/1973;0000;5;2.172043;
83236;30/09/1973;0000;5;3.288889;
83236;31/10/1973;0000;5;2.236559;
83236;30/11/1973;0000;5;1.788889;
83236;31/12/1973;0000;5;1.344086;
83236;31/01/1974;0000;5;1.467391;
83236;28/02/1974;0000;0;1.333333;
83236;31/03/1974;0000;5;1.677419;
83236;30/04/1974;0000;0;1.433333;
83236;31/05/1974;0000;0;1.301075;
83236;30/06/1974;0000;32;1.633333;
83236;31/07/1974;0000;32;2.387097;
83236;31/08/1974;0000;32;1.860215;
83236;30/09/1974;0000;0;2.3;
83236;31/10/1974;0000;5;1.462366;
83236;30/11/1974;0000;5;1.677778;
83236;31/12/1974;0000;5;1.603226;
83236;31/01/1975;0000;5;1.255914;
83236;28/02/1975;0000;5;1.427778;
83236;31/03/1975;0000;0;;
83236;30/04/1975;0000;0;1.097297;
83236;31/05/1975;0000;18;1.524731;
83236;30/06/1975;0000;14;1.824444;
83236;31/07/1975;0000;14;1.988172;
83236;31/08/1975;0000;14;1.939785;
83236;30/09/1975;0000;5;2.132222;
83236;31/10/1975;0000;5;1.937634;
83236;30/11/1975;0000;0;1.718889;
83236;31/12/1975;0000;0;1.55914;
83236;31/01/1976;0000;0;1.251613;
83236;29/02/1976;0000;0;1.348276;
83236;31/03/1976;0000;0;1.190323;
83236;30/04/1976;0000;0;1.211111;
83236;31/05/1976;0000;0;1.051613;
83236;30/06/1976;0000;18;1.412222;
83236;31/07/1976;0000;18;1.674194;
83236;31/08/1976;0000;0;1.65914;
83236;30/09/1976;0000;36;1.87;
83236;31/10/1976;0000;0;1.473118;
83236;30/11/1976;0000;5;1.77;
83236;31/12/1976;0000;0;1.398925;
83236;31/01/1977;0000;5;1.790323;
83236;28/02/1977;0000;0;1.459524;
83236;31/03/1977;0000;5;1.475269;
83236;30/04/1977;0000;0;1.115556;
83236;31/05/1977;0000;18;1.488172;
83236;30/06/1977;0000;14;1.797778;
83236;31/07/1977;0000;14;1.867742;
83236;31/08/1977;0000;0;1.727957;
83236;30/09/1977;0000;5;1.944828;
83236;31/10/1977;0000;0;1.45914;
83236;30/11/1977;0000;5;1.576667;
83236;31/12/1977;0000;5;1.578495;
83236;31/01/1978;0000;5;1.43871;
83236;28/02/1978;0000;0;1.457143;
83236;31/03/1978;0000;0;1.32043;
83236;30/04/1978;0000;0;1.057778;
83236;31/05/1978;0000;0;1.109677;
83236;30/06/1978;0000;18;1.464444;
83236;31/07/1978;0000;14;1.428261;
83236;31/08/1978;0000;14;1.826882;
83236;30/09/1978;0000;5;1.923333;
83236;31/10/1978;0000;0;1.576344;
83236;30/11/1978;0000;18;1.346667;
83236;31/12/1978;0000;5;1.339785;
83236;31/01/1979;0000;5;1.430108;
83236;28/02/1979;0000;5;1.378571;
83236;31/03/1979;0000;5;1.152688;
83236;30/04/1979;0000;0;1.133333;
83236;31/05/1979;0000;5;1.343478;
83236;30/06/1979;0000;14;1.906667;
83236;31/07/1979;0000;18;1.632258;
83236;31/08/1979;0000;23;1.260215;
83236;30/09/1979;0000;5;1.663333;
83236;31/10/1979;0000;5;1.581522;
83236;30/11/1979;0000;5;1.492222;
83236;31/12/1979;0000;5;1.478495;
83236;31/01/1980;0000;5;1.628261;
83236;29/02/1980;0000;5;1.513793;
83236;31/03/1980;0000;0;1.260215;
83236;30/04/1980;0000;5;1.561111;
83236;31/05/1980;0000;36;1.497849;
83236;30/06/1980;0000;14;1.716667;
83236;31/07/1980;0000;18;1.465591;
83236;31/08/1980;0000;18;1.806452;
83236;30/09/1980;0000;5;1.714444;
83236;31/10/1980;0000;36;1.741935;
83236;30/11/1980;0000;0;1.373333;
83236;31/12/1980;0000;0;1.341935;
83236;31/01/1986;0000;5;1.742391;
83236;28/02/1986;0000;5;1.511905;
83236;31/03/1986;0000;5;1.609677;
83236;30/04/1986;0000;5;1.482222;
83236;31/05/1986;0000;5;1.490323;
83236;31/07/1986;0000;18;1.433696;
83236;31/08/1986;0000;18;1.91828;
83236;31/10/1986;0000;18;1.473034;
83236;31/12/1986;0000;5;1.559783;
83236;31/01/1987;0000;18;1.373118;
83236;28/02/1987;0000;18;1.520238;
83236;31/03/1987;0000;5;1.506452;
83236;30/04/1987;0000;0;0.634444;
83236;31/05/1987;0000;0;0.707527;
83236;30/06/1987;0000;0;1.052222;
83236;31/07/1987;0000;0;0.705376;
83236;31/08/1987;0000;9;1.722581;
83236;30/09/1987;0000;0;1.474444;
83236;31/10/1987;0000;5;1.716129;
83236;30/11/1987;0000;0;1.156667;
83236;31/12/1987;0000;0;1.167742;
83236;31/01/1988;0000;0;0.375269;
83236;29/02/1988;0000;0;0.696552;
83236;31/03/1988;0000;0;1.188172;
83236;30/04/1988;0000;0;1.046667;
83236;31/05/1988;0000;0;0.444086;
83236;30/06/1988;0000;0;1.041111;
83236;31/08/1988;0000;14;1.853261;
83236;30/09/1988;0000;14;2.127778;
83236;31/10/1988;0000;0;1.16129;
83236;30/11/1988;0000;0;1.285556;
83236;31/12/1988;0000;36;1.368817;
83236;31/01/1989;0000;0;1.229032;
83236;28/02/1989;0000;0;1.258333;
83236;31/03/1989;0000;0;1.202151;
83236;31/01/1991;0000;0;1.025581;
83236;28/02/1991;0000;0;0.888889;
83236;31/03/1991;0000;0;0.903279;
83236;30/04/1991;0000;0;0.836667;
83236;30/06/1991;0000;18;1.28;
83236;31/07/1991;0000;18;2.185484;
83236;31/08/1991;0000;9;2.339655;
83236;30/09/1991;0000;5;2.173333;
83236;31/10/1991;0000;5;2.012903;
83236;30/11/1991;0000;0;1.175862;
83236;31/12/1991;0000;0;1.129032;
83236;31/01/1992;0000;9;1.666129;
83236;29/02/1992;0000;5;1.489655;
83236;31/03/1992;0000;5;1.818333;
83236;30/04/1992;0000;5;1.208333;
83236;31/05/1992;0000;5;1.132258;
83236;30/06/1992;0000;18;2.19322;
83236;31/07/1992;0000;18;2.023333;
83236;31/08/1992;0000;18;1.73871;
83236;30/09/1992;0000;5;2.163333;
83236;31/10/1992;0000;5;1.748387;
83236;30/11/1992;0000;5;1.708333;
83236;31/12/1992;0000;5;1.491935;
83236;31/01/1993;0000;5;1.693548;
83236;28/02/1993;0000;5;1.614286;
83236;31/03/1993;0000;5;1.583871;
83236;30/04/1993;0000;18;1.665;
83236;31/05/1993;0000;18;1.7;
83236;30/06/1993;0000;18;1.721429;
83236;31/08/1993;0000;18;1.798387;
83236;30/09/1993;0000;5;1.926667;
83236;31/10/1993;0000;5;1.940323;
83236;30/11/1993;0000;5;1.821667;
83236;31/12/1993;0000;5;1.890323;
83236;31/01/1994;0000;5;1.385484;
83236;28/02/1994;0000;5;1.7625;
83236;31/03/1994;0000;5;1.554098;
83236;30/04/1994;0000;5;1.631667;
83236;31/05/1994;0000;18;1.672152;
83236;30/06/1994;0000;23;1.78;
83236;31/07/1994;0000;23;2.255914;
83236;31/08/1994;0000;18;1.734409;
83236;30/09/1994;0000;5;2.547778;
83236;31/10/1994;0000;36;2.255914;
83236;30/11/1994;0000;36;2.107778;
83236;31/12/1994;0000;36;1.731183;
83236;31/01/1995;0000;18;1.431183;
83236;28/02/1995;0000;18;1.611905;
83236;31/03/1995;0000;36;1.354839;
83236;30/04/1995;0000;18;1.551111;
83236;31/05/1995;0000;18;1.448387;
83236;30/06/1995;0000;18;1.521111;
83236;31/07/1995;0000;18;1.736559;
83236;31/08/1995;0000;18;1.848387;
83236;30/09/1995;0000;14;2.71;
83236;31/10/1995;0000;18;2.298925;
83236;30/11/1995;0000;18;2.097727;
83236;31/12/1995;0000;0;1.283721;
83236;31/01/1996;0000;18;1.391935;
83236;29/02/1996;0000;5;1.67069;
83236;31/03/1996;0000;5;1.308065;
83236;30/04/1996;0000;5;1.128333;
83236;31/05/1996;0000;36;1.325806;
83236;30/06/1996;0000;9;1.443333;
83236;31/07/1996;0000;18;1.396774;
83236;31/08/1996;0000;5;1.527419;
83236;30/09/1996;0000;5;2.506557;
83236;31/10/1996;0000;36;1.617742;
83236;30/11/1996;0000;5;2.156667;
83236;31/12/1996;0000;5;2.258065;
83236;31/01/1997;0000;36;1.954839;
83236;28/02/1997;0000;5;1.748214;
83236;31/03/1997;0000;5;2.141935;
83236;30/04/1997;0000;5;1.613333;
83236;31/05/1997;0000;18;1.732258;
83236;30/06/1997;0000;5;1.583333;
83236;31/07/1997;0000;0;1.848387;
83236;31/08/1997;0000;0;1.667742;
83236;30/09/1997;0000;5;1.87541;
83236;31/10/1997;0000;5;1.709677;
83236;30/11/1997;0000;36;1.486667;
83236;31/12/1997;0000;0;1.24127;
83236;31/01/1998;0000;0;1.267742;
83236;28/02/1998;0000;0;1.326786;
83236;31/03/1998;0000;0;1.266129;
83236;30/04/1998;0000;0;1.321667;
83236;31/05/1998;0000;0;1.15;
83236;30/06/1998;0000;0;1.134426;
83236;31/07/1998;0000;0;1.364516;
83236;31/08/1998;0000;0;1.798387;
83236;30/09/1998;0000;36;2.86;
83236;31/10/1998;0000;5;2.409524;
83236;30/11/1998;0000;0;1.313333;
83236;31/12/1998;0000;0;1.540323;
83236;31/01/1999;0000;0;1.033871;
83236;28/02/1999;0000;0;1.071429;
83236;31/03/1999;0000;0;0.93871;
83236;30/04/1999;0000;0;1.581667;
83236;31/05/1999;0000;14;1.303226;
83236;30/06/1999;0000;0;1.211475;
83236;31/07/1999;0000;14;2.38871;
83236;31/08/1999;0000;18;2.345161;
83236;30/09/1999;0000;5;1.945;
83236;31/10/1999;0000;5;1.857692;
83236;30/11/1999;0000;0;1.054444;
83236;31/12/1999;0000;0;1.092473;
83236;31/01/2000;0000;0;0.943011;
83236;29/02/2000;0000;0;1;
83236;31/03/2000;0000;0;1.206452;
83236;30/04/2000;0000;0;0.958889;
83236;31/05/2000;0000;0;0.86087;
83236;30/06/2000;0000;0;1.158889;
83236;31/07/2000;0000;0;1.294624;
83236;31/08/2000;0000;0;1.595699;
83236;30/09/2000;0000;18;1.99;
83236;31/10/2000;0000;0;1.768817;
83236;30/11/2000;0000;0;1.523333;
83236;31/12/2000;0000;0;1.324731;
83236;31/01/2001;0000;0;1.929032;
83236;28/02/2001;0000;0;1.661905;
83236;31/03/2001;0000;0;1.392473;
83236;30/04/2001;0000;0;1.308889;
83236;31/05/2001;0000;0;0.944086;
83236;30/06/2001;0000;18;1.828889;
83236;31/07/2001;0000;18;1.792473;
83236;31/08/2001;0000;14;2.567742;
83236;30/09/2001;0000;18;2.141111;
83236;31/10/2001;0000;18;1.677419;
83236;30/11/2001;0000;23;1.331111;
83236;31/12/2001;0000;0;1.386022;
83236;31/01/2002;0000;5;1.840774;
83236;28/02/2002;0000;5;1.698016;
83236;31/03/2002;0000;5;1.480106;
83236;30/04/2002;0000;18;1.508652;
83236;31/05/2002;0000;18;1.527107;
83236;30/06/2002;0000;9;1.636667;
83236;31/07/2002;0000;18;1.667391;
83236;31/08/2002;0000;5;1.868817;
83236;30/09/2002;0000;5;1.855556;
83236;31/10/2002;0000;5;2.007527;
83236;30/11/2002;0000;5;1.76;
83236;31/12/2002;0000;5;1.651613;
83236;31/01/2003;0000;0;1.394624;
83236;28/02/2003;0000;5;1.655952;
83236;31/03/2003;0000;0;1.51828;
83236;30/04/2003;0000;0;1.252222;
83236;31/05/2003;0000;14;1.727957;
83236;30/06/2003;0000;0;1.24;
83236;31/07/2003;0000;18;1.672043;
83236;31/08/2003;0000;0;1.54086;
83236;30/09/2003;0000;36;2.197778;
83236;31/10/2003;0000;18;1.887097;
83236;30/11/2003;0000;5;1.47;
83236;31/12/2003;0000;0;1.270968;
83236;31/01/2004;0000;0;1.147312;
83236;29/02/2004;0000;0;1.022989;
83236;31/03/2004;0000;0;0.96413;
83236;30/04/2004;0000;0;0.918889;
83236;31/05/2004;0000;0;1.151613;
83236;30/06/2004;0000;14;1.533333;
83236;31/07/2004;0000;0;1.5;
83236;31/08/2004;0000;0;1.428916;
83236;30/09/2004;0000;9;1.867778;
83236;31/10/2004;0000;0;1.597849;
83236;30/11/2004;0000;0;1.58;
83236;31/12/2004;0000;0;1.424731;
83236;31/01/2005;0000;0;1.825806;
83236;28/02/2005;0000;0;1.4;
83236;31/03/2005;0000;0;1.056989;
83236;30/04/2005;0000;0;1.191111;
83236;31/05/2005;0000;0;1.72043;
83236;30/06/2005;0000;0;1.69;
83236;31/07/2005;0000;0;1.674194;
83236;31/08/2005;0000;0;1.526374;
83236;30/09/2005;0000;5;1.906667;
83236;31/10/2005;0000;0;1.706452;
83236;30/11/2005;0000;5;1.762543;
83236;31/12/2005;0000;0;1.473118;
83236;31/01/2006;0000;0;1.452688;
83236;28/02/2006;0000;0;1.115476;
83236;31/03/2006;0000;0;1.137634;
83236;30/04/2006;0000;0;1.151111;
83236;31/05/2006;0000;0;1.211828;
83236;30/06/2006;0000;0;1.454444;
83236;31/07/2006;0000;23;1.456989;
83236;31/08/2006;0000;0;1.665591;
83236;30/09/2006;0000;0;1.751111;
83236;31/10/2006;0000;0;1.563441;
83236;30/11/2006;0000;0;1.314444;
83236;31/12/2006;0000;0;1.148387;
83236;31/01/2007;0000;0;1.211828;
83236;28/02/2007;0000;0;1.346429;
83236;31/03/2007;0000;0;1.273913;
83236;30/04/2007;0000;0;1.144944;
83236;31/05/2007;0000;0;1.25914;
83236;30/06/2007;0000;0;1.641111;
83236;31/07/2007;0000;0;1.286022;
83236;31/08/2007;0000;14;2.473118;
83236;30/09/2007;0000;5;2.216667;
83236;31/10/2007;0000;5;2.076344;
83236;30/11/2007;0000;0;1.699543;
83236;31/12/2007;0000;0;1.362366;
83236;31/01/2008;0000;0;1.111552;
83236;29/02/2008;0000;0;1.069156;
83236;31/03/2008;0000;0;1.077419;
83236;30/04/2008;0000;0;1.214136;
83236;31/05/2008;0000;0;1.011075;
83236;30/06/2008;0000;14;1.463333;
83236;31/07/2008;0000;0;1.609677;
83236;31/08/2008;0000;0;1.612125;
83236;30/09/2008;0000;5;1.892222;
83236;31/10/2008;0000;5;2.232258;
83236;30/11/2008;0000;0;1.495556;
83236;31/12/2008;0000;0;1.404301;
83236;31/01/2009;0000;0;1.290323;
83236;28/02/2009;0000;0;1.121429;
83236;31/03/2009;0000;0;1.010753;
83236;30/04/2009;0000;0;0.93;
83236;31/05/2009;0000;0;1.023656;
83236;30/06/2009;0000;0;0.858889;
83236;31/07/2009;0000;0;1.04086;
83236;31/08/2009;0000;0;1.537634;
83236;30/09/2009;0000;5;1.677778;
83236;31/07/2010;0000;18;1.72623;
83236;31/08/2010;0000;18;1.417742;
83236;30/09/2010;0000;18;2.195;
83236;31/10/2010;0000;5;1.783871;
83236;30/11/2010;0000;23;1.328333;
83236;31/12/2010;0000;23;1.127419;
83236;31/01/2011;0000;0;0.809677;
83236;28/02/2011;0000;18;0.996429;
83236;31/03/2011;0000;0;0.841935;
83236;30/04/2011;0000;18;0.91;
83236;31/05/2011;0000;14;0.985484;
83236;30/06/2011;0000;23;0.91;
83236;31/07/2011;0000;23;0.941935;
83236;31/08/2011;0000;0;0.970968;
83236;30/09/2011;0000;14;1.741667;
83236;31/10/2011;0000;23;1.422951;
83236;30/11/2011;0000;0;0.801724;
83236;31/12/2011;0000;23;0.84918;
83236;31/01/2012;0000;23;0.908065;
83236;29/02/2012;0000;23;1.286207;
83236;31/03/2012;0000;23;0.803226;
83236;30/04/2012;0000;0;0.616667;
83236;31/05/2012;0000;23;1.254839;
83236;30/06/2012;0000;0;0.835;
83236;31/07/2012;0000;23;0.96129;
83236;31/08/2012;0000;14;1.919355;
83236;30/09/2012;0000;5;2.059322;
83236;31/10/2012;0000;5;1.877419;
83236;30/11/2012;0000;5;1.106667;
83236;31/12/2012;0000;0;0.958065;
83236;31/01/2013;0000;23;1.185484;
83236;28/02/2013;0000;23;0.867857;
83236;31/03/2013;0000;0;0.6;
83236;30/04/2013;0000;23;1.048333;
83236;31/05/2013;0000;23;0.939286;
83236;30/06/2013;0000;23;0.896667;
83236;31/07/2013;0000;23;1.11129;
83236;31/08/2013;0000;23;1.401613;
83236;30/09/2013;0000;5;2.274576;
83236;31/10/2013;0000;23;1.811475;
83236;30/11/2013;0000;5;1.379661;
83236;31/12/2013;0000;5;0.981667;
83236;31/01/2014;0000;23;0.86;
83236;28/02/2014;0000;0;0.530769;
83236;31/03/2014;0000;0;0.58871;
83236;30/04/2014;0000;0;0.738333;
83236;31/05/2014;0000;23;0.759322;
83236;30/06/2014;0000;23;1.10678;
83236;31/07/2014;0000;23;1.582456;
83236;31/08/2014;0000;5;1.38871;
83236;30/09/2014;0000;5;1.975;
83236;30/11/2014;0000;5;1.769492;
83236;31/12/2014;0000;5;1.473016;
83236;31/01/2015;0000;23;1.02888;
83236;28/02/2015;0000;0;0.888578;
83236;31/03/2015;0000;0;0.829742;
83236;30/04/2015;0000;0;0.68592;
83236;31/05/2015;0000;23;0.954203;
83236;30/06/2015;0000;23;1.15749;
83236;31/07/2015;0000;23;1.385669;
83236;31/08/2015;0000;14;1.476941;
83236;30/09/2015;0000;5;1.526172;
83236;31/10/2015;0000;5;2.108361;
83236;31/12/2015;0000;;1.141806;
83236;31/01/2016;0000;5;1.25291;
83236;29/02/2016;0000;0;1.146208;
83236;31/03/2016;0000;23;0.879526;
83236;31/05/2016;0000;23;0.818044;
83236;30/06/2016;0000;23;1.246863;
83236;31/07/2016;0000;14;1.231283;
83236;31/08/2016;0000;5;1.340917;
83236;30/09/2016;0000;5;2.075199;
83236;31/10/2016;0000;5;1.925001;
83236;30/11/2016;0000;23;1.380414;
83236;31/12/2016;0000;5;0.912716;
83236;31/01/2017;0000;;1.188095;
83236;28/02/2017;0000;23;1.096429;
83236;31/03/2017;0000;23;0.9;
83236;30/04/2017;0000;23;0.918644;
83236;31/05/2017;0000;23;0.964516;
83236;30/06/2017;0000;14;1.231667;
83236;31/07/2017;0000;14;1.86129;
83236;31/08/2017;0000;0;1.211475;
83236;30/09/2017;0000;5;2.49146;
83236;31/10/2017;0000;5;2.232006;
83236;30/11/2017;0000;5;1.491004;