--------------------
BDMEP - INMET
--------------------
Estação           : CORRENTINA - BA (OMM: 83286)
Latitude  (graus) : -13.33
Longitude (graus) : -44.61
Altitude  (metros): 549.47
Estação Operante
Inicio de operação: 11/08/1975
Periodo solicitado dos dados: 01/01/1960 a 31/12/2017
Os dados listados abaixo são os que encontram-se digitados no BDMEP
Hora em UTC
--------------------
Obs.: Os dados aparecem separados por ; (ponto e vírgula) no formato txt.
      Para o formato planilha XLS, siga as instruções
--------------------
Estacao;Data;Hora;DirecaoVento;VelocidadeVentoMedia;
83286;28/02/1977;0000;5;3.042188;
83286;31/03/1977;0000;9;2.394595;
83286;30/04/1977;0000;9;2.448315;
83286;31/05/1977;0000;9;2.365432;
83286;30/06/1977;0000;14;2.528378;
83286;31/07/1977;0000;14;2.973333;
83286;31/08/1977;0000;5;2.654839;
83286;30/09/1977;0000;14;2.668889;
83286;31/10/1977;0000;14;2.670968;
83286;30/11/1977;0000;14;2.195556;
83286;31/12/1977;0000;5;2.004301;
83286;31/01/1978;0000;14;2.361728;
83286;28/02/1978;0000;14;2.007143;
83286;31/03/1978;0000;14;2.178261;
83286;30/04/1978;0000;14;1.976667;
83286;31/05/1978;0000;14;1.727957;
83286;30/06/1978;0000;14;2.275281;
83286;31/07/1978;0000;9;2.224176;
83286;31/08/1978;0000;9;2.703226;
83286;30/09/1978;0000;9;2.930337;
83286;31/10/1978;0000;9;2.155914;
83286;30/11/1978;0000;9;2.15122;
83286;31/12/1978;0000;9;1.98172;
83286;31/01/1979;0000;5;1.744086;
83286;28/02/1979;0000;14;1.820482;
83286;31/03/1979;0000;14;1.880645;
83286;30/04/1979;0000;14;2.151111;
83286;31/05/1979;0000;14;1.926087;
83286;30/06/1979;0000;14;2.375581;
83286;31/07/1979;0000;14;2.232258;
83286;31/08/1979;0000;14;2.035484;
83286;30/09/1979;0000;14;2.293333;
83286;31/10/1979;0000;14;2.073118;
83286;30/11/1979;0000;5;1.804444;
83286;31/12/1979;0000;36;1.789247;
83286;31/01/1980;0000;5;2.090323;
83286;29/02/1980;0000;36;2.042529;
83286;31/03/1980;0000;5;2.233333;
83286;30/04/1980;0000;5;2.252809;
83286;31/05/1980;0000;14;2.391011;
83286;30/06/1980;0000;14;2.317241;
83286;31/07/1980;0000;14;2.365591;
83286;31/08/1980;0000;14;2.74086;
83286;30/09/1980;0000;14;2.282222;
83286;31/10/1980;0000;14;2.372043;
83286;30/11/1980;0000;9;1.851685;
83286;31/12/1980;0000;14;1.663043;
83286;31/01/1986;0000;5;1.577174;
83286;28/02/1986;0000;9;1.660241;
83286;31/03/1986;0000;5;1.64086;
83286;30/04/1986;0000;5;1.94;
83286;31/05/1986;0000;5;2.02043;
83286;31/07/1986;0000;5;2.311957;
83286;31/08/1986;0000;5;2.245161;
83286;31/10/1986;0000;9;1.945652;
83286;31/12/1986;0000;9;1.752174;
83286;31/01/1987;0000;5;1.839785;
83286;28/02/1987;0000;9;2.45;
83286;31/03/1987;0000;9;1.94086;
83286;30/04/1987;0000;9;1.828889;
83286;31/05/1987;0000;5;1.627957;
83286;30/06/1987;0000;5;2.325556;
83286;31/07/1987;0000;9;2.01954;
83286;31/08/1987;0000;5;2.289247;
83286;30/09/1987;0000;14;2.302222;
83286;31/10/1987;0000;5;2.36129;
83286;30/11/1987;0000;5;2.001111;
83286;31/12/1987;0000;9;1.809677;
83286;31/01/1988;0000;9;2.05914;
83286;30/06/1988;0000;9;2.451111;
83286;31/08/1988;0000;9;3.02809;
83286;30/09/1988;0000;9;2.604494;
83286;31/10/1988;0000;9;2.186022;
83286;30/11/1988;0000;9;2.123596;
83286;31/12/1988;0000;9;1.586022;
83286;31/01/1989;0000;9;2.048387;
83286;28/02/1989;0000;27;1.8;
83286;31/03/1989;0000;9;2.001075;
83286;31/01/1993;0000;9;1.836957;
83286;28/02/1993;0000;9;1.778313;
83286;31/03/1993;0000;27;1.906452;
83286;31/05/1993;0000;14;2.268817;
83286;30/06/1993;0000;14;2.171111;
83286;31/07/1993;0000;14;2.041935;
83286;31/08/1993;0000;9;2.026374;
83286;30/09/1993;0000;9;1.895506;
83286;31/10/1993;0000;9;2.396774;
83286;30/11/1993;0000;9;2.06;
83286;31/12/1993;0000;9;1.815556;
83286;31/01/1994;0000;5;1.617778;
83286;28/02/1994;0000;9;1.555422;
83286;31/03/1994;0000;5;1.565217;
83286;30/04/1994;0000;9;2.042529;
83286;31/05/1994;0000;9;2.006667;
83286;30/06/1994;0000;14;2.226966;
83286;31/07/1994;0000;9;2.725843;
83286;30/11/1994;0000;9;2.024719;
83286;31/12/1994;0000;9;1.924176;
83286;31/01/1995;0000;5;1.604545;
83286;28/02/1995;0000;9;1.54878;
83286;31/03/1995;0000;9;1.830435;
83286;30/04/1995;0000;9;1.594318;
83286;31/05/1995;0000;9;1.703226;
83286;30/06/1995;0000;9;2.153333;
83286;31/07/1995;0000;9;2.530108;
83286;31/08/1995;0000;9;2.462366;
83286;30/09/1995;0000;9;2.698889;
83286;31/10/1995;0000;9;2.049462;
83286;30/11/1995;0000;9;1.96;
83286;31/12/1995;0000;27;1.725;
83286;31/01/1996;0000;9;1.808602;
83286;29/02/1996;0000;9;1.812644;
83286;31/03/1996;0000;27;1.83871;
83286;30/04/1996;0000;9;2.1;
83286;31/05/1996;0000;9;1.869892;
83286;30/06/1996;0000;9;2.497778;
83286;31/07/1996;0000;9;2.382796;
83286;31/08/1996;0000;9;2.308696;
83286;30/09/1996;0000;14;2.497778;
83286;31/10/1996;0000;9;1.907527;
83286;30/11/1996;0000;9;1.941111;
83286;31/12/1996;0000;9;1.743011;
83286;31/01/1997;0000;9;1.51828;
83286;28/02/1997;0000;9;1.789157;
83286;31/03/1997;0000;9;1.744086;
83286;30/04/1997;0000;9;1.485556;
83286;31/05/1997;0000;9;1.968817;
83286;30/06/1997;0000;27;1.337079;
83286;31/07/1997;0000;9;2.187097;
83286;31/08/1997;0000;9;2.277174;
83286;30/09/1997;0000;9;2.165556;
83286;31/10/1997;0000;9;2.132258;
83286;30/11/1997;0000;27;1.718889;
83286;31/12/1997;0000;9;1.948387;
83286;31/01/1998;0000;9;1.563441;
83286;28/02/1998;0000;9;1.542857;
83286;31/03/1998;0000;9;1.936559;
83286;30/04/1998;0000;9;2.083333;
83286;31/05/1998;0000;9;2.062366;
83286;30/06/1998;0000;9;2.386667;
83286;31/07/1998;0000;9;2.202151;
83286;31/08/1998;0000;9;2.174194;
83286;30/09/1998;0000;9;2.463333;
83286;31/10/1998;0000;9;2.165591;
83286;30/11/1998;0000;9;1.448889;
83286;31/12/1998;0000;9;1.630435;
83286;31/01/1999;0000;9;1.658065;
83286;28/02/1999;0000;9;1.647619;
83286;31/03/1999;0000;9;1.488172;
83286;30/04/1999;0000;9;2.163333;
83286;31/05/1999;0000;14;1.817204;
83286;30/06/1999;0000;9;1.897778;
83286;31/07/1999;0000;14;2.929032;
83286;31/08/1999;0000;9;2.850538;
83286;31/12/2000;0000;9;1.358696;
83286;31/01/2001;0000;9;1.88172;
83286;28/02/2001;0000;9;1.750602;
83286;31/03/2001;0000;9;1.641935;
83286;30/04/2001;0000;9;2.006667;
83286;31/05/2001;0000;27;1.660215;
83286;30/06/2001;0000;9;2.357303;
83286;31/07/2001;0000;9;2.281522;
83286;30/09/2001;0000;9;2.185244;
83286;31/10/2001;0000;9;2.176344;
83286;30/11/2001;0000;9;1.703333;
83286;31/12/2001;0000;9;1.758065;
83286;31/01/2002;0000;9;1.847785;
83286;28/02/2002;0000;9;1.694735;
83286;31/03/2002;0000;9;1.956131;
83286;30/04/2002;0000;9;2.016485;
83286;31/05/2002;0000;9;1.719517;
83286;31/07/2002;0000;9;1.985257;
83286;31/08/2002;0000;9;2.255914;
83286;30/09/2002;0000;9;2.305556;
83286;31/10/2002;0000;9;1.894565;
83286;30/11/2002;0000;9;1.863333;
83286;31/12/2002;0000;27;1.530108;
83286;31/01/2003;0000;9;1.484946;
83286;28/02/2003;0000;9;1.939286;
83286;30/04/2003;0000;9;1.632148;
83286;31/05/2003;0000;27;2;
83286;30/06/2003;0000;27;1.92;
83286;31/07/2003;0000;9;2.222581;
83286;31/08/2003;0000;9;1.812903;
83286;30/09/2003;0000;9;2.586667;
83286;31/10/2003;0000;9;1.951613;
83286;30/11/2003;0000;9;1.703333;
83286;31/12/2003;0000;9;1.85;
83286;31/01/2004;0000;27;1.340323;
83286;29/02/2004;0000;9;1.236207;
83286;31/03/2004;0000;9;1.048387;
83286;30/04/2004;0000;9;1.235;
83286;31/05/2004;0000;9;1.603226;
83286;30/06/2004;0000;9;1.683333;
83286;31/08/2004;0000;9;2.129964;
83286;30/09/2004;0000;9;1.806122;
83286;31/10/2004;0000;9;1.741935;
83286;30/11/2004;0000;9;1.586667;
83286;31/12/2004;0000;9;1.216595;
83286;31/01/2005;0000;9;1.16129;
83286;28/02/2005;0000;9;1.339286;
83286;31/03/2005;0000;9;1.064516;
83286;30/04/2005;0000;9;1.361667;
83286;31/05/2005;0000;9;1.464516;
83286;30/06/2005;0000;9;1.64;
83286;31/08/2005;0000;9;1.914754;
83286;30/09/2005;0000;9;1.735;
83286;31/10/2005;0000;9;1.875806;
83286;30/11/2005;0000;9;1.545963;
83286;31/12/2005;0000;9;1.139408;
83286;31/01/2006;0000;9;1.453226;
83286;28/02/2006;0000;27;1.298214;
83286;31/03/2006;0000;9;1.141935;
83286;30/04/2006;0000;9;1.081667;
83286;31/05/2006;0000;9;1.164516;
83286;30/06/2006;0000;9;1.676667;
83286;31/07/2006;0000;9;1.540323;
83286;30/09/2006;0000;9;1.848815;
83286;31/10/2006;0000;9;1.504839;
83286;30/11/2006;0000;9;1.233333;
83286;31/12/2006;0000;9;1.309677;
83286;31/01/2007;0000;9;1.339641;
83286;28/02/2007;0000;9;1.2875;
83286;31/03/2007;0000;9;1.379265;
83286;30/04/2007;0000;9;1.261667;
83286;31/05/2007;0000;9;1.401613;
83286;30/06/2007;0000;9;1.623333;
83286;31/07/2007;0000;9;1.599277;
83286;30/09/2007;0000;9;2.165;
83286;31/10/2007;0000;9;1.924006;
83286;30/11/2007;0000;27;1.907497;
83286;31/12/2007;0000;9;1.35559;
83286;31/01/2008;0000;9;1.383871;
83286;29/02/2008;0000;9;1.413793;
83286;31/03/2008;0000;9;1.358065;
83286;30/04/2008;0000;9;1.07787;
83286;31/05/2008;0000;9;1.32623;
83286;30/06/2008;0000;9;1.687407;
83286;31/08/2008;0000;9;1.900233;
83286;30/09/2008;0000;9;1.553333;
83286;31/10/2008;0000;27;1.889604;
83286;30/11/2008;0000;9;1.286667;
83286;31/12/2008;0000;9;1.335;
83286;31/01/2009;0000;9;1.1125;
83286;28/02/2009;0000;9;1.266071;
83286;31/03/2009;0000;9;1.317742;
83286;30/04/2009;0000;9;0.965;
83286;31/05/2009;0000;9;1.168627;
83286;30/06/2009;0000;9;1.173333;
83286;31/07/2009;0000;9;1.31129;
83286;31/08/2009;0000;9;1.943548;
83286;30/09/2009;0000;27;1.621667;
83286;30/11/2009;0000;9;1.142373;
83286;31/12/2009;0000;9;1.240323;
83286;31/01/2010;0000;9;1.157143;
83286;28/02/2010;0000;9;1.289286;
83286;31/03/2010;0000;0;0.448387;
83286;30/04/2010;0000;0;0;
83286;31/05/2010;0000;0;0;
83286;30/06/2010;0000;27;1.14;
83286;31/07/2010;0000;9;1.817742;
83286;31/08/2010;0000;9;1.730645;
83286;31/10/2010;0000;27;1.504918;
83286;30/11/2010;0000;9;1.21;
83286;31/12/2010;0000;9;1.027419;
83286;31/01/2011;0000;9;1.205556;
83286;28/02/2011;0000;9;1.191071;
83286;31/03/2011;0000;9;1.019355;
83286;30/04/2011;0000;9;1.378333;
83286;31/05/2011;0000;9;1.477419;
83286;30/06/2011;0000;27;1.448333;
83286;31/08/2011;0000;9;1.729508;
83286;30/09/2011;0000;9;1.980702;
83286;31/10/2011;0000;9;1.527419;
83286;30/11/2011;0000;9;1.458333;
83286;31/12/2011;0000;9;1.166129;
83286;31/01/2012;0000;9;1.382692;
83286;29/02/2012;0000;9;1.453448;
83286;31/03/2012;0000;9;1.263333;
83286;30/04/2012;0000;27;1.381667;
83286;31/05/2012;0000;27;1.657895;
83286;30/06/2012;0000;27;1.435;
83286;31/07/2012;0000;27;1.732203;
83286;31/08/2012;0000;9;2.277419;
83286;31/10/2012;0000;9;1.732787;
83286;30/11/2012;0000;9;1.056667;
83286;31/12/2012;0000;9;1.154839;
83286;31/01/2013;0000;23;1.024528;
83286;28/02/2013;0000;5;1.453571;
83286;31/03/2013;0000;23;1.262903;
83286;30/04/2013;0000;9;1.186667;
83286;31/05/2013;0000;9;1.369355;
83286;30/06/2013;0000;9;1.505;
83286;31/08/2013;0000;9;1.735717;
83286;30/09/2013;0000;9;1.955172;
83286;31/10/2013;0000;9;1.509677;
83286;30/11/2013;0000;9;1.355;
83286;31/12/2013;0000;9;1.196774;
83286;31/01/2014;0000;9;1.209434;
83286;28/02/2014;0000;9;1.448214;
83286;31/03/2014;0000;9;1.114545;