--------------------
BDMEP - INMET
--------------------
Estação           : STa  R  DE CASSIA  IBIPETUBA  - BA (OMM: 83076)
Latitude  (graus) : -11.01
Longitude (graus) : -44.51
Altitude  (metros): 450.30
Estação Operante
Inicio de operação: 13/12/1911
Periodo solicitado dos dados: 01/01/1960 a 31/12/2017
Os dados listados abaixo são os que encontram-se digitados no BDMEP
Hora em UTC
--------------------
Obs.: Os dados aparecem separados por ; (ponto e vírgula) no formato txt.
      Para o formato planilha XLS, siga as instruções
--------------------
Estacao;Data;Hora;DirecaoVento;VelocidadeVentoMedia;
83076;31/01/1961;0000;0;0.032609;
83076;28/02/1961;0000;0;0.071429;
83076;31/03/1961;0000;0;0.064516;
83076;30/04/1961;0000;0;0.1;
83076;31/05/1961;0000;0;0.107527;
83076;30/06/1961;0000;0;0.422222;
83076;31/07/1961;0000;0;0.333333;
83076;31/08/1961;0000;0;0.268817;
83076;30/09/1961;0000;0;0.355556;
83076;31/10/1961;0000;0;0.849462;
83076;30/11/1961;0000;0;0.555556;
83076;31/12/1961;0000;0;0.301075;
83076;31/01/1962;0000;0;0.032258;
83076;28/02/1962;0000;0;0.142857;
83076;31/03/1962;0000;0;0.021505;
83076;30/04/1962;0000;0;0;
83076;31/05/1962;0000;0;0.44086;
83076;30/06/1962;0000;0;0.655556;
83076;31/07/1962;0000;0;0.483871;
83076;31/08/1962;0000;0;0.204301;
83076;30/09/1962;0000;0;0.2;
83076;31/10/1962;0000;0;0.086022;
83076;30/11/1962;0000;0;0;
83076;31/12/1962;0000;0;0.043011;
83076;31/01/1963;0000;0;0.035484;
83076;28/02/1963;0000;0;0;
83076;31/03/1963;0000;0;0;
83076;30/04/1963;0000;0;0;
83076;31/05/1963;0000;0;0;
83076;30/06/1963;0000;0;0.222222;
83076;31/07/1963;0000;0;0.27957;
83076;31/08/1963;0000;0;0.311828;
83076;30/09/1963;0000;0;0.822222;
83076;31/10/1963;0000;0;0.806452;
83076;30/11/1963;0000;0;1.177778;
83076;31/12/1963;0000;0;0.462366;
83076;31/01/1964;0000;0;0.526882;
83076;29/02/1964;0000;0;0.264368;
83076;31/03/1964;0000;0;0.182796;
83076;30/04/1964;0000;0;0.311111;
83076;31/05/1964;0000;0;0.354839;
83076;30/06/1964;0000;0;0.344444;
83076;31/07/1964;0000;0;0.247312;
83076;31/08/1964;0000;0;0.703226;
83076;30/09/1964;0000;0;0.744444;
83076;31/10/1964;0000;0;0.83871;
83076;30/11/1964;0000;0;0.644444;
83076;31/12/1964;0000;0;0.129032;
83076;31/01/1965;0000;0;0.462366;
83076;28/02/1965;0000;0;0.333333;
83076;31/03/1965;0000;0;0.655914;
83076;30/04/1965;0000;0;0.177778;
83076;31/05/1965;0000;0;0.666667;
83076;30/06/1965;0000;0;0.936667;
83076;31/07/1965;0000;0;0.677419;
83076;31/08/1965;0000;0;1.021505;
83076;30/09/1965;0000;0;1.661111;
83076;31/10/1965;0000;0;0.247312;
83076;30/11/1965;0000;0;0.433333;
83076;31/12/1965;0000;0;0.516129;
83076;31/01/1966;0000;0;0.591398;
83076;28/02/1966;0000;0;0.178571;
83076;31/03/1966;0000;0;0.451613;
83076;30/04/1966;0000;0;0.422222;
83076;31/05/1966;0000;0;0.258065;
83076;30/06/1966;0000;0;0.233333;
83076;31/07/1966;0000;0;0.333333;
83076;31/08/1966;0000;0;0.419355;
83076;30/09/1966;0000;0;0.911111;
83076;31/10/1966;0000;0;0.451613;
83076;30/11/1966;0000;0;0.311111;
83076;31/12/1966;0000;0;0.204301;
83076;31/01/1967;0000;0;0.27957;
83076;28/02/1967;0000;0;0.22619;
83076;31/03/1967;0000;0;0.27957;
83076;30/04/1967;0000;0;0.2;
83076;31/05/1967;0000;0;0.27957;
83076;30/06/1967;0000;0;0.477778;
83076;31/07/1967;0000;0;0.537634;
83076;31/08/1967;0000;0;0.645161;
83076;30/09/1967;0000;0;0.533333;
83076;31/10/1967;0000;0;0.548387;
83076;30/11/1967;0000;0;0.222222;
83076;31/12/1967;0000;0;0.16129;
83076;31/01/1968;0000;0;0.193548;
83076;29/02/1968;0000;0;0.149425;
83076;31/03/1968;0000;0;0.236559;
83076;30/04/1968;0000;0;0.244444;
83076;31/05/1968;0000;0;0.322581;
83076;30/06/1968;0000;0;0.4;
83076;31/07/1968;0000;0;0.55914;
83076;31/08/1968;0000;0;0.569892;
83076;30/09/1968;0000;0;0.511111;
83076;31/10/1968;0000;0;0.537634;
83076;30/11/1968;0000;0;0.266667;
83076;31/12/1968;0000;0;0.311828;
83076;31/01/1969;0000;0;0.333333;
83076;28/02/1969;0000;0;0.27381;
83076;31/03/1969;0000;0;0.150538;
83076;30/04/1969;0000;0;0.422222;
83076;31/05/1969;0000;0;0.666667;
83076;30/06/1969;0000;0;0.866667;
83076;31/07/1969;0000;0;0.731183;
83076;31/08/1969;0000;0;0.709677;
83076;30/09/1969;0000;0;0.6;
83076;31/10/1969;0000;0;0.483871;
83076;30/11/1969;0000;0;0.511111;
83076;31/12/1969;0000;0;0.053763;
83076;31/01/1970;0000;0;0.354839;
83076;28/02/1970;0000;0;0.607143;
83076;31/03/1970;0000;0;0.44086;
83076;30/04/1970;0000;0;0.4;
83076;31/05/1970;0000;0;0.612903;
83076;30/06/1970;0000;14;0.611111;
83076;31/07/1970;0000;14;0.795699;
83076;31/08/1970;0000;14;1.043011;
83076;30/09/1970;0000;14;1.177778;
83076;31/10/1970;0000;0;0.483871;
83076;30/11/1970;0000;0;0.466667;
83076;31/12/1970;0000;0;0.344086;
83076;31/01/1977;0000;14;2.173913;
83076;28/02/1977;0000;14;2.040476;
83076;31/03/1977;0000;27;1.696774;
83076;30/04/1977;0000;32;1.697778;
83076;31/05/1977;0000;14;1.732258;
83076;30/06/1977;0000;14;2.077778;
83076;31/07/1977;0000;9;2.309677;
83076;31/08/1977;0000;9;2.403226;
83076;30/09/1977;0000;9;2.344444;
83076;31/10/1977;0000;14;2.110753;
83076;30/11/1977;0000;14;1.896667;
83076;31/12/1977;0000;9;1.932258;
83076;31/01/1978;0000;14;1.630108;
83076;28/02/1978;0000;14;1.875;
83076;31/03/1978;0000;14;1.624731;
83076;30/04/1978;0000;14;1.514444;
83076;31/05/1978;0000;14;1.330108;
83076;30/06/1978;0000;14;1.783333;
83076;31/07/1978;0000;14;1.694624;
83076;31/08/1978;0000;14;1.902151;
83076;30/09/1978;0000;9;2.257778;
83076;31/10/1978;0000;14;2.074194;
83076;30/11/1978;0000;14;2.012222;
83076;31/12/1978;0000;14;1.668817;
83076;31/01/1979;0000;14;1.374194;
83076;28/02/1979;0000;9;1.575;
83076;31/03/1979;0000;5;1.454839;
83076;30/04/1979;0000;14;1.756667;
83076;31/05/1979;0000;14;1.849462;
83076;30/06/1979;0000;14;2.002222;
83076;31/07/1979;0000;14;1.949462;
83076;31/08/1979;0000;14;1.958065;
83076;30/09/1979;0000;9;2.404444;
83076;31/10/1979;0000;14;2.162366;
83076;30/11/1979;0000;14;2.084444;
83076;31/12/1979;0000;9;1.892473;
83076;31/01/1980;0000;9;1.833333;
83076;29/02/1980;0000;32;1.918391;
83076;31/03/1980;0000;9;1.83871;
83076;30/04/1980;0000;14;1.926667;
83076;31/05/1980;0000;14;1.835484;
83076;30/06/1980;0000;14;2.015556;
83076;31/07/1980;0000;9;2.024731;
83076;31/08/1980;0000;9;2.251087;
83076;30/09/1980;0000;9;2.311111;
83076;31/10/1980;0000;9;2.443478;
83076;30/11/1980;0000;9;2.306667;
83076;31/12/1980;0000;9;1.589247;
83076;31/01/1986;0000;9;1.603371;
83076;28/02/1986;0000;9;1.730952;
83076;31/03/1986;0000;9;1.609677;
83076;30/04/1986;0000;9;1.566292;
83076;31/05/1986;0000;9;1.81828;
83076;31/07/1986;0000;9;1.958696;
83076;31/08/1986;0000;9;1.991398;
83076;31/10/1986;0000;9;2.138043;
83076;31/12/1986;0000;0;1.480435;
83076;31/01/1987;0000;9;1.258065;
83076;28/02/1987;0000;9;2.044048;
83076;31/03/1987;0000;0;1.378495;
83076;30/04/1987;0000;9;1.401111;
83076;31/05/1987;0000;0;1.337634;
83076;30/06/1987;0000;0;1.408889;
83076;31/07/1987;0000;14;1.286022;
83076;31/08/1987;0000;9;2;
83076;30/09/1987;0000;9;2.342222;
83076;31/10/1987;0000;0;1.756989;
83076;30/11/1987;0000;9;1.862222;
83076;31/12/1987;0000;9;1.716129;
83076;31/01/1988;0000;9;1.747312;
83076;29/02/1988;0000;27;1.857471;
83076;31/03/1988;0000;9;1.682796;
83076;30/04/1988;0000;9;1.74;
83076;31/05/1988;0000;9;1.622581;
83076;30/06/1988;0000;9;2.263333;
83076;31/08/1988;0000;9;2.831522;
83076;30/09/1988;0000;9;2.714607;
83076;31/10/1988;0000;9;2.323656;
83076;30/11/1988;0000;14;2.031111;
83076;31/12/1988;0000;9;1.755914;
83076;31/01/1989;0000;9;2.083871;
83076;28/02/1989;0000;9;1.72619;
83076;31/03/1989;0000;32;1.880645;
83076;31/01/1992;0000;9;1.58;
83076;29/02/1992;0000;9;1.99375;
83076;31/05/1992;0000;9;1.607692;
83076;30/06/1992;0000;9;2.287805;
83076;31/07/1992;0000;9;1.802299;
83076;31/08/1992;0000;9;2.020635;
83076;30/09/1992;0000;9;2.287879;
83076;31/10/1992;0000;9;2.18209;
83076;30/11/1992;0000;9;1.92623;
83076;31/12/1992;0000;9;1.668116;
83076;31/01/1993;0000;9;1.84375;
83076;28/02/1993;0000;9;1.925;
83076;31/03/1993;0000;9;1.554286;
83076;30/04/1993;0000;9;1.958824;
83076;31/05/1993;0000;9;1.84375;
83076;30/06/1993;0000;9;1.930303;
83076;31/07/1993;0000;9;1.792537;
83076;31/08/1993;0000;9;1.767692;
83076;31/10/1993;0000;9;2.725806;
83076;30/11/1993;0000;9;2.360606;
83076;31/12/1993;0000;9;1.901351;
83076;31/01/1994;0000;27;1.525806;
83076;28/02/1994;0000;27;1.224194;
83076;31/03/1994;0000;9;1.342308;
83076;30/04/1994;0000;14;1.511538;
83076;31/05/1994;0000;14;1.464773;
83076;30/06/1994;0000;14;1.621519;
83076;31/07/1994;0000;9;2.043038;
83076;31/08/1994;0000;14;1.645679;
83076;31/10/1994;0000;9;2.074713;
83076;30/11/1994;0000;9;2.356667;
83076;31/12/1994;0000;9;1.978495;
83076;31/01/1995;0000;27;1.703226;
83076;28/02/1995;0000;9;1.688095;
83076;31/03/1995;0000;9;1.775269;
83076;30/04/1995;0000;9;1.632222;
83076;31/05/1995;0000;9;1.577419;
83076;30/06/1995;0000;9;1.818889;
83076;31/07/1995;0000;9;2.221505;
83076;31/08/1995;0000;9;2.183871;
83076;30/09/1995;0000;9;2.577778;
83076;31/10/1995;0000;9;2.267742;
83076;30/11/1995;0000;9;2.17;
83076;31/12/1995;0000;9;1.635556;
83076;31/01/1996;0000;9;1.728261;
83076;29/02/1996;0000;36;1.813793;
83076;31/03/1996;0000;27;1.510753;
83076;30/04/1996;0000;9;1.752222;
83076;31/05/1996;0000;9;1.427957;
83076;30/06/1996;0000;9;2.011111;
83076;31/07/1996;0000;9;1.665591;
83076;31/08/1996;0000;9;2.072043;
83076;30/09/1996;0000;9;2.563333;
83076;31/10/1996;0000;9;1.901099;
83076;30/11/1996;0000;9;2.139326;
83076;31/12/1996;0000;9;1.666667;
83076;31/01/1997;0000;9;1.31828;
83076;28/02/1997;0000;9;1.760714;
83076;31/03/1997;0000;9;1.815054;
83076;30/04/1997;0000;9;1.6;
83076;31/05/1997;0000;9;1.809677;
83076;30/06/1997;0000;9;1.432222;
83076;31/07/1997;0000;14;1.68172;
83076;31/08/1997;0000;9;1.755914;
83076;30/09/1997;0000;9;1.722222;
83076;31/10/1997;0000;9;1.710753;
83076;30/11/1997;0000;9;1.971111;
83076;31/12/1997;0000;9;1.683871;
83076;31/01/1998;0000;9;1.63871;
83076;28/02/1998;0000;9;1.67619;
83076;31/03/1998;0000;9;1.588172;
83076;30/04/1998;0000;9;1.783333;
83076;31/05/1998;0000;9;1.613978;
83076;30/06/1998;0000;9;2.03;
83076;31/07/1998;0000;9;1.789247;
83076;31/08/1998;0000;9;2.115054;
83076;30/09/1998;0000;9;2.177778;
83076;31/10/1998;0000;9;2.348387;
83076;30/11/1998;0000;9;1.54382;
83076;31/12/1998;0000;9;1.609677;
83076;31/01/1999;0000;9;1.332258;
83076;28/02/1999;0000;9;1.678571;
83076;31/03/1999;0000;9;1.429032;
83076;30/04/1999;0000;9;1.741111;
83076;31/05/1999;0000;9;1.676344;
83076;30/06/1999;0000;9;1.424444;
83076;31/07/1999;0000;9;2.173118;
83076;31/08/1999;0000;9;2.319355;
83076;30/09/1999;0000;9;1.986667;
83076;31/10/1999;0000;9;1.897849;
83076;30/11/1999;0000;9;1.668889;
83076;31/12/1999;0000;9;1.753763;
83076;31/01/2000;0000;9;1.497849;
83076;29/02/2000;0000;9;1.463218;
83076;31/03/2000;0000;9;1.546237;
83076;30/04/2000;0000;14;1.313333;
83076;31/05/2000;0000;9;1.474157;
83076;30/06/2000;0000;9;1.59;
83076;31/07/2000;0000;14;1.446237;
83076;31/08/2000;0000;14;1.756989;
83076;30/09/2000;0000;14;2.105556;
83076;31/10/2000;0000;14;2.044086;
83076;30/11/2000;0000;9;1.798889;
83076;31/12/2000;0000;14;1.763441;
83076;31/01/2001;0000;14;1.56129;
83076;28/02/2001;0000;9;1.559524;
83076;31/03/2001;0000;9;1.366667;
83076;30/04/2001;0000;9;1.558889;
83076;31/05/2001;0000;9;1.292473;
83076;30/06/2001;0000;9;1.837778;
83076;31/07/2001;0000;9;1.83871;
83076;31/08/2001;0000;9;2.070968;
83076;30/09/2001;0000;9;2.104444;
83076;31/10/2001;0000;9;1.938636;
83076;30/11/2001;0000;9;1.946667;
83076;31/12/2001;0000;9;1.849462;
83076;28/02/2002;0000;9;1.794452;
83076;31/03/2002;0000;9;2.154095;
83076;30/04/2002;0000;9;1.470121;
83076;31/05/2002;0000;9;1.37983;
83076;30/06/2002;0000;9;1.581416;
83076;31/07/2002;0000;9;1.288172;
83076;31/08/2002;0000;9;1.852688;
83076;30/09/2002;0000;9;2.08;
83076;31/10/2002;0000;9;1.855914;
83076;30/11/2002;0000;9;1.791111;
83076;31/12/2002;0000;9;1.590323;
83076;31/01/2003;0000;27;1.556989;
83076;28/02/2003;0000;9;1.389286;
83076;31/03/2003;0000;9;1.522581;
83076;30/04/2003;0000;9;1.637778;
83076;31/05/2003;0000;9;1.866667;
83076;30/06/2003;0000;9;1.553333;
83076;31/07/2003;0000;9;2.094565;
83076;31/08/2003;0000;36;1.747312;
83076;30/09/2003;0000;9;2.178889;
83076;31/10/2003;0000;9;2.1;
83076;30/11/2003;0000;9;1.915556;
83076;31/12/2003;0000;9;1.770968;
83076;29/02/2004;0000;9;1.224419;
83076;31/03/2004;0000;9;1.226882;
83076;30/04/2004;0000;9;1.306667;
83076;31/05/2004;0000;9;1.573118;
83076;30/06/2004;0000;9;1.697778;
83076;31/07/2004;0000;9;1.619355;
83076;31/08/2004;0000;9;1.770968;
83076;30/09/2004;0000;9;1.916667;
83076;30/11/2004;0000;9;1.811272;
83076;31/12/2004;0000;9;1.501541;
83076;28/02/2005;0000;9;1.45119;
83076;31/03/2005;0000;9;1.405376;
83076;30/04/2005;0000;9;1.657778;
83076;31/05/2005;0000;9;1.678495;
83076;30/06/2005;0000;9;1.936667;
83076;31/07/2005;0000;9;1.869892;
83076;31/08/2005;0000;9;2.217204;
83076;30/09/2005;0000;9;2.122222;
83076;31/10/2005;0000;9;2.063441;
83076;30/11/2005;0000;9;1.727629;
83076;31/12/2005;0000;9;1.449773;
83076;31/01/2006;0000;9;1.292391;
83076;28/02/2006;0000;0;;
83076;31/03/2006;0000;9;1.419512;
83076;30/04/2006;0000;9;1.17;
83076;31/05/2006;0000;9;1.345161;
83076;30/06/2006;0000;9;1.641111;
83076;31/07/2006;0000;9;1.823656;
83076;31/08/2006;0000;9;2.007527;
83076;30/09/2006;0000;9;2.025556;
83076;31/10/2006;0000;9;1.901099;
83076;30/11/2006;0000;9;1.693333;
83076;31/12/2006;0000;9;1.644086;
83076;31/01/2007;0000;9;1.413846;
83076;28/02/2007;0000;9;1.528571;
83076;31/03/2007;0000;9;1.791398;
83076;30/04/2007;0000;9;1.47191;
83076;31/05/2007;0000;9;1.709677;
83076;30/06/2007;0000;9;1.725556;
83076;31/07/2007;0000;9;1.676212;
83076;31/08/2007;0000;9;2.215385;
83076;30/09/2007;0000;9;2.492222;
83076;31/10/2007;0000;9;2.229102;
83076;30/11/2007;0000;9;1.771123;
83076;31/12/2007;0000;18;1.391398;
83076;31/01/2008;0000;9;1.624731;
83076;29/02/2008;0000;9;1.386207;
83076;31/03/2008;0000;9;1.337634;
83076;30/04/2008;0000;9;1.179301;
83076;31/05/2008;0000;9;1.418435;
83076;30/06/2008;0000;9;1.451432;
83076;31/07/2008;0000;9;1.676344;
83076;31/08/2008;0000;9;1.707837;
83076;30/09/2008;0000;9;1.871111;
83076;31/10/2008;0000;9;2.616129;
83076;30/11/2008;0000;18;1.902222;
83076;31/12/2008;0000;9;1.444086;
83076;31/01/2009;0000;9;1.429032;
83076;28/02/2009;0000;9;1.492857;
83076;31/03/2009;0000;27;1.306452;
83076;30/04/2009;0000;0;0.743333;
83076;31/05/2009;0000;0;0.922581;
83076;30/06/2009;0000;0;1.008333;
83076;31/07/2009;0000;9;0.957143;
83076;31/08/2009;0000;9;1.453448;
83076;30/09/2009;0000;9;1.986207;
83076;31/10/2009;0000;0;1.516129;
83076;30/11/2009;0000;9;1.414286;
83076;31/12/2009;0000;9;1.531034;
83076;28/02/2010;0000;9;1.53478;
83076;31/03/2010;0000;9;1.40875;
83076;30/04/2010;0000;9;1.338889;
83076;31/05/2010;0000;9;1.282796;
83076;30/06/2010;0000;9;1.677778;
83076;31/07/2010;0000;9;2.2;
83076;31/08/2010;0000;9;1.980645;
83076;30/09/2010;0000;9;2.087778;
83076;31/10/2010;0000;9;1.890323;
83076;30/11/2010;0000;9;1.613333;
83076;31/12/2010;0000;9;1.574194;
83076;31/01/2011;0000;9;1.432258;
83076;28/02/2011;0000;9;1.601205;
83076;31/03/2011;0000;9;1.312903;
83076;30/04/2011;0000;9;1.573333;
83076;31/05/2011;0000;9;1.508602;
83076;30/06/2011;0000;9;1.492222;
83076;31/07/2011;0000;9;1.705376;
83076;31/08/2011;0000;9;1.803226;
83076;30/09/2011;0000;9;2.21;
83076;31/10/2011;0000;9;1.95914;
83076;30/11/2011;0000;9;1.818889;
83076;31/12/2011;0000;9;1.598925;
83076;31/01/2012;0000;9;1.625806;
83076;29/02/2012;0000;9;1.551724;
83076;31/03/2012;0000;9;1.743011;
83076;30/04/2012;0000;9;1.661111;
83076;31/05/2012;0000;9;1.78172;
83076;30/06/2012;0000;9;1.616667;
83076;31/07/2012;0000;9;1.753763;
83076;31/08/2012;0000;9;2.319355;
83076;30/09/2012;0000;9;2.172222;
83076;31/10/2012;0000;9;1.857609;
83076;30/11/2012;0000;18;1.537778;
83076;31/12/2012;0000;9;1.451613;
83076;31/01/2013;0000;9;1.606522;
83076;28/02/2013;0000;9;1.642857;
83076;31/03/2013;0000;9;1.729348;
83076;30/04/2013;0000;9;1.47;
83076;31/05/2013;0000;9;1.450047;
83076;30/06/2013;0000;9;1.561111;
83076;31/07/2013;0000;9;2.002645;
83076;31/08/2013;0000;9;1.621505;
83076;30/09/2013;0000;9;2.382955;
83076;31/10/2013;0000;9;2.257609;
83076;30/11/2013;0000;9;1.644444;
83076;31/12/2013;0000;9;1.545161;
83076;31/01/2014;0000;9;1.311828;
83076;28/02/2014;0000;18;1.39881;
83076;31/03/2014;0000;9;1.48022;
83076;30/04/2014;0000;9;1.47;